141 1 3 20
0.100000 0.100000 0.000050 1.000000
1.000000 10.706917 1.000000 1.000000 6.009636 1.000000 1.000000 1.000000 1.000000 1.000000 1.000000 1.000000 1.000000 1.000000 1.000000 1.000000 1.000000 1.000000 1.000000 1172.903516 1.000000 395.820893 1.000000 1.000000 1.000000 1.000000 1.000000 1.000000 1.000000 1.000000 93.419396 1573.330792 1.000000 1.000000 215.289417 1.000000 1.000000 1.000000 1.000000 28.510423 1.000000 1.000000 1.000000 38.716103 1.000000 1.000000 1.000000 1.000000 1.000000 48.779501 1.000000 -4203.232482 1.000000 1.000000 1.000000 1.000000 1.000000 28.809068 16.275465 1.000000 1.000000 1.000000 1.000000 1.000000 1.000000 1.000000 1.000000 1.000000 1.000000 1.000000 1.000000 1.000000 1.000000 1.000000 1.000000 1.000000 1.000000 1.000000 1.000000 1.000000 1.000000 1.000000 1.000000 1.000000 1.000000 1.000000 1.000000 1.000000 1.000000 1.000000 1.000000 1.000000 1.000000 1.000000 1.000000 1.000000 1.000000 1.000000 1.000000 1.000000 1.000000 1.000000 1.000000 1.000000 1.000000 1.000000 1.000000 1.000000 1.000000 1.000000 1.000000 1.000000 1.000000 1.000000 1.000000 1.000000 1.000000 1.000000 1.000000 1.000000 1.000000 1.000000 1.000000 1.000000 1.000000 1.000000 1.000000 1.000000 1.000000 1.000000 1.000000 1.000000 1.000000 1.000000 1.000000 1.000000 1.000000 1.000000 1.000000 1.000000 1.000000 
141
0.172038 0.044856 0.000043 0


0.280193 0.044856 -0.000021 0


1.000000 0.044856 0.000000 0


0.000000 0.044856 0.000000 0


1.049072 0.044856 0.000008 0


0.090713 0.044856 -0.000013 0


0.006479 0.044856 -0.000000 0


0.187905 0.044856 -0.000008 0


0.047502 0.044856 0.000002 0


0.282888 0.044856 -0.000085 0


0.034965 0.044856 0.000000 0


0.131122 0.044856 0.000034 0


0.809556 0.044856 0.000030 0


0.926566 0.044856 -0.000007 0


0.073434 0.044856 0.000011 0


0.028078 0.044856 0.000002 0


0.030303 0.044856 -0.000000 0


0.382353 0.044856 0.000027 0


0.037388 0.044856 -0.000002 0


0.338476 0.044856 -0.000024 0


0.000094 0.044856 0.000000 0


0.348643 0.044856 0.000036 0


0.011655 0.044856 -0.000000 0


0.011655 0.044856 -0.000001 0


0.000000 0.044856 -0.000000 0


0.000000 0.044856 0.000000 0


0.000000 0.044856 0.000000 0


0.000000 0.044856 -0.000000 0


0.000000 0.044856 -0.000000 0


0.000000 0.044856 0.000000 0


0.363950 0.044856 -0.000040 0


0.294280 0.044856 -0.000014 0


4.338790 0.044856 0.000902 0


0.000000 0.044856 -0.000000 0


0.422687 0.044856 0.000062 0


0.000000 0.044856 0.000000 0


0.000000 0.044856 0.000000 0


-0.000000 0.044856 0.000000 0


0.000000 0.044856 0.000000 0


0.070150 0.044856 0.000004 0


0.196544 0.044856 -0.000011 0


0.205128 0.044856 -0.000023 0


0.088235 0.044856 -0.000003 0


0.077487 0.044856 -0.000003 0


1.000000 0.044856 -0.000000 0


0.000000 0.044856 0.000000 0


0.000000 0.044856 0.000000 0


0.000000 0.044856 0.000000 0


0.000000 0.044856 -0.000000 0


1.230025 0.044856 -0.000014 0


3.000000 0.044856 -0.000373 0


1.160626 0.044856 -0.000021 0


1.000000 0.044856 -0.000000 0


1.000000 0.044856 0.000000 0


4.000000 0.044856 -0.000394 0


1.000000 0.044856 -0.000000 0


0.000000 0.044856 -0.000000 0


1.145473 0.044856 0.000004 0


1.228844 0.044856 -0.000046 0


0.000000 0.044856 -0.000000 0


0.000000 0.044856 -0.000000 0


0.000000 0.044856 0.000000 0


0.000000 0.044856 -0.000000 0


0.000000 0.044856 0.000000 0


0.000000 0.044856 -0.000000 0


0.000000 0.044856 0.000000 0


0.000000 0.044856 0.000000 0


0.000000 0.044856 -0.000000 0


0.000000 0.044856 -0.000000 0


0.000000 0.044856 -0.000000 0


0.000000 0.044856 0.000000 0


0.000000 0.044856 -0.000000 0


0.000000 0.044856 -0.000000 0


0.000000 0.044856 -0.000000 0


0.000000 0.044856 0.000000 0


0.000000 0.044856 -0.000000 0


0.000000 0.044856 -0.000000 0


0.000000 0.044856 0.000000 0


0.000000 0.044856 0.000000 0


0.000000 0.044856 -0.000000 0


0.000000 0.044856 0.000000 0


0.000000 0.044856 -0.000000 0


0.000000 0.044856 0.000000 0


0.000000 0.044856 -0.000000 0


0.000000 0.044856 0.000000 0


0.006479 0.044856 -0.000000 0


0.000000 0.044856 0.000000 0


0.002160 0.044856 -0.000000 0


0.000000 0.044856 0.000000 0


0.004320 0.044856 -0.000000 0


0.002160 0.044856 -0.000000 0


0.000000 0.044856 0.000000 0


0.000000 0.044856 0.000000 0


0.002160 0.044856 -0.000000 0


0.000000 0.044856 0.000000 0


0.002160 0.044856 -0.000000 0


0.006479 0.044856 -0.000000 0


0.000000 0.044856 0.000000 0


0.000000 0.044856 0.000000 0


0.000000 0.044856 -0.000000 0


0.000000 0.044856 0.000000 0


0.000000 0.044856 0.000000 0


0.002160 0.044856 -0.000000 0


0.000000 0.044856 0.000000 0


0.000000 0.044856 -0.000000 0


0.000000 0.044856 0.000000 0


0.000000 0.044856 0.000000 0


0.000000 0.044856 0.000000 0


0.000000 0.044856 0.000000 0


0.000000 0.044856 -0.000000 0


0.000000 0.044856 -0.000000 0


0.000000 0.044856 0.000000 0


0.000000 0.044856 -0.000000 0


0.000000 0.044856 -0.000000 0


0.000000 0.044856 0.000000 0


0.000000 0.044856 -0.000000 0


0.000000 0.044856 0.000000 0


0.000000 0.044856 -0.000000 0


0.000000 0.044856 0.000000 0


0.000000 0.044856 0.000000 0


0.000000 0.044856 -0.000000 0


0.000000 0.044856 -0.000000 0


0.000000 0.044856 -0.000000 0


0.000000 0.044856 -0.000000 0


0.000000 0.044856 0.000000 0


0.000000 0.044856 -0.000000 0


0.000000 0.044856 0.000000 0


0.000000 0.044856 -0.000000 0


0.000000 0.044856 0.000000 0


0.000000 0.044856 0.000000 0


0.000000 0.044856 -0.000000 0


0.000000 0.044856 0.000000 0


0.000000 0.044856 0.000000 0


0.000000 0.044856 0.000000 0


0.000000 0.044856 -0.000000 0


0.000000 0.044856 0.000000 0


0.000000 0.044856 -0.000000 0


0.000000 0.044856 -0.000000 0


0.000000 0.044856 0.000000 0


0.000000 0.044856 0.000000 0


0.000000 0.044856 -0.000000 0


20
0.080706 -0.035786 0.000003 141
0.181807 -0.025251 -0.185259 0.140155 -0.220313 -0.008239 -0.085774 0.056366 0.189965 -0.125272 -0.150767 0.201253 0.178224 0.083226 0.067992 0.124372 -0.086247 0.108339 -0.082376 -0.314407 -0.185234 0.031548 -0.122553 -0.040565 -0.168791 -0.072707 -0.179515 -0.036626 0.096023 0.011749 -0.092768 -0.288925 -0.032500 -0.140432 0.023492 0.158267 -0.116712 0.114444 0.084294 -0.105627 -0.072127 -0.011133 0.044229 -0.071933 0.133874 0.243666 -0.055608 -0.231777 -0.026022 -0.231124 -0.118248 -0.012120 -0.297238 -0.082407 -0.209870 0.010276 0.194409 -0.193293 0.039392 0.052888 -0.079103 0.026648 -0.064600 -0.045181 0.143541 -0.194966 -0.163473 0.068380 0.087290 0.011720 -0.101315 -0.168289 0.130560 -0.147079 -0.142076 0.130743 0.014383 0.197932 0.126726 0.045064 0.222021 0.195413 0.034876 0.154764 0.111954 -0.123211 0.001559 0.162837 -0.004848 -0.129637 -0.117295 -0.131066 0.086029 0.074552 -0.100640 0.124266 -0.019041 0.190763 0.044083 -0.131039 0.074305 0.187590 0.170920 -0.011277 -0.062393 -0.067797 0.119570 0.178408 -0.164604 -0.002488 -0.046149 0.107709 0.087482 0.023331 -0.047517 0.184119 0.003855 -0.106441 0.095694 0.061667 0.076713 0.065862 0.060517 0.118057 -0.171956 0.032771 -0.123423 0.187481 -0.117323 -0.146662 0.154131 -0.135866 0.150887 -0.112347 0.143345 -0.194624 0.030313 0.030639 0.081696 0.144678 0.010944 
0.000000 0.000000 0.000000 0.000000 0.000000 0.000000 0.000000 0.000000 0.000000 0.000000 0.000000 0.000000 0.000000 0.000000 0.000000 0.000000 0.000000 0.000000 0.000000 0.000000 0.000000 0.000000 0.000000 0.000000 0.000000 0.000000 0.000000 0.000000 -0.000000 0.000000 0.000000 0.000000 0.000002 -0.000000 0.000000 0.000000 0.000000 0.000000 0.000000 0.000000 0.000000 0.000000 0.000000 0.000000 0.000000 -0.000000 -0.000000 -0.000000 0.000000 0.000000 0.000001 0.000000 0.000000 0.000000 0.000001 0.000000 0.000000 0.000000 0.000000 -0.000000 -0.000000 -0.000000 -0.000000 -0.000000 -0.000000 -0.000000 -0.000000 0.000000 -0.000000 0.000000 0.000000 -0.000000 0.000000 -0.000000 0.000000 -0.000000 -0.000000 0.000000 -0.000000 -0.000000 0.000000 -0.000000 -0.000000 -0.000000 0.000000 0.000000 0.000000 0.000000 0.000000 0.000000 0.000000 -0.000000 -0.000000 0.000000 0.000000 0.000000 0.000000 -0.000000 -0.000000 -0.000000 -0.000000 0.000000 0.000000 0.000000 0.000000 0.000000 0.000000 -0.000000 -0.000000 0.000000 -0.000000 0.000000 0.000000 0.000000 0.000000 0.000000 0.000000 0.000000 0.000000 0.000000 0.000000 -0.000000 -0.000000 0.000000 -0.000000 0.000000 0.000000 0.000000 -0.000000 -0.000000 0.000000 0.000000 0.000000 -0.000000 -0.000000 0.000000 0.000000 0.000000 0.000000 0.000000 0.000000 
0.008133 -0.035786 -0.000001 141
-0.041269 0.025646 -0.056157 -0.038587 -0.009990 0.083169 -0.023110 0.047663 0.141073 0.385907 -0.127920 -0.287057 0.025936 0.290661 -0.138798 0.000714 -0.137904 0.404165 -0.016612 0.133930 -0.185147 0.254252 -0.148569 0.004131 -0.156507 -0.128877 -0.206996 -0.039185 0.135978 -0.049231 -0.308138 0.004672 -0.363800 0.119614 0.189543 0.140546 -0.071496 -0.218523 0.006379 -0.399744 -0.061621 0.076599 0.051892 -0.201227 0.197189 -0.041418 -0.088700 -0.194812 -0.010368 -0.273441 -0.442699 -0.114649 -0.063702 -0.270697 -0.355786 0.006583 -0.449328 -0.166471 -0.135618 -0.224137 -0.177277 -0.107124 -0.061154 0.073311 0.230440 -0.197571 -0.160861 0.068380 0.148282 0.011777 -0.101315 -0.140480 0.130570 -0.118893 -0.142076 0.135526 0.023278 0.186413 0.062163 -0.111541 0.164617 0.199708 0.011097 0.162704 0.086762 -0.106955 -0.005418 0.165773 -0.030841 -0.126777 -0.113795 -0.129875 0.061918 0.082910 -0.117216 0.125914 -0.010180 0.181715 0.041925 -0.126794 0.069718 0.184601 0.174875 -0.015383 -0.056855 -0.076004 0.117225 0.176879 -0.165718 0.006731 -0.043507 0.105418 0.094164 0.030467 -0.049054 0.195091 0.000702 -0.105213 0.094801 0.057433 0.076639 0.066167 0.061128 0.118254 -0.171880 0.032771 -0.123424 0.187095 -0.117582 -0.146430 0.153216 -0.135830 0.149626 -0.112192 0.143421 -0.194647 0.030323 0.030629 0.081102 0.141419 0.011133 
-0.000000 -0.000000 -0.000000 -0.000000 -0.000000 -0.000000 -0.000000 -0.000000 -0.000000 -0.000000 -0.000000 -0.000000 -0.000000 -0.000000 -0.000000 -0.000000 -0.000000 -0.000000 -0.000000 -0.000000 -0.000000 -0.000000 -0.000000 -0.000000 -0.000000 -0.000000 -0.000000 -0.000000 0.000000 -0.000000 -0.000000 -0.000000 -0.000000 0.000000 -0.000000 0.000000 -0.000000 -0.000000 0.000000 -0.000000 -0.000000 -0.000000 -0.000000 -0.000000 -0.000000 0.000000 0.000000 0.000000 -0.000000 -0.000000 -0.000000 -0.000000 -0.000000 -0.000000 -0.000000 -0.000000 -0.000000 -0.000000 -0.000000 0.000000 0.000000 0.000000 0.000000 0.000000 0.000000 0.000000 0.000000 0.000000 0.000000 0.000000 0.000000 0.000000 0.000000 0.000000 0.000000 0.000000 0.000000 0.000000 0.000000 0.000000 -0.000000 0.000000 0.000000 0.000000 -0.000000 -0.000000 -0.000000 -0.000000 -0.000000 -0.000000 -0.000000 0.000000 0.000000 -0.000000 -0.000000 -0.000000 -0.000000 0.000000 0.000000 0.000000 0.000000 -0.000000 -0.000000 -0.000000 -0.000000 -0.000000 -0.000000 0.000000 0.000000 -0.000000 0.000000 -0.000000 -0.000000 -0.000000 -0.000000 -0.000000 -0.000000 -0.000000 -0.000000 -0.000000 0.000000 0.000000 0.000000 0.000000 0.000000 0.000000 0.000000 -0.000000 0.000000 0.000000 -0.000000 0.000000 -0.000000 0.000000 0.000000 0.000000 0.000000 -0.000000 -0.000000 -0.000000 0.000000 
0.003302 -0.035786 -0.000001 141
-0.884478 -0.185538 -0.756573 -0.025997 -0.023336 0.346193 0.093681 -0.085882 0.057922 1.278057 -0.116013 -1.408964 -0.445827 0.120270 -0.508360 -0.181917 0.006237 -0.172417 0.363883 1.231973 -0.184989 0.504264 -0.083670 0.111346 -0.059830 -0.259738 -0.280274 -0.072047 0.224397 -0.188852 0.548430 1.192207 -0.412421 0.348695 -0.014146 0.117816 -1.628350 -0.245558 -0.181698 0.428129 0.029764 0.408199 0.253533 -0.100347 -0.031811 -0.061838 -0.528802 -0.407272 0.010522 -0.071196 -0.967564 -0.738934 -0.054180 -0.724089 -0.177761 1.534372 0.785648 0.664669 -0.769393 0.291873 0.181795 -0.564400 0.138960 -0.230581 0.578363 -0.193455 -0.232161 0.068380 0.267094 0.011910 -0.101315 0.011021 0.130582 0.040240 -0.142076 0.154802 0.075928 0.113633 -0.114341 0.517888 0.012610 0.211273 -0.014126 0.181961 0.031709 -0.076487 -0.013776 0.172041 -0.065811 -0.119137 -0.103948 -0.128861 0.028993 0.103757 -0.136867 0.130288 0.014623 0.158758 0.036089 -0.117991 0.062676 0.177541 0.186399 -0.021854 -0.040428 -0.079586 0.114139 0.174488 -0.168280 0.029673 -0.034851 0.102001 0.103409 0.045637 -0.054285 0.215742 -0.005270 -0.102152 0.091771 0.041889 0.076508 0.067020 0.062462 0.118482 -0.172011 0.032767 -0.123408 0.186631 -0.118024 -0.146405 0.151856 -0.135586 0.146664 -0.111599 0.143700 -0.194786 0.030320 0.030602 0.080042 0.130958 0.011921 
-0.000000 -0.000000 -0.000000 0.000000 -0.000000 -0.000000 -0.000000 -0.000000 -0.000000 -0.000000 -0.000000 -0.000000 -0.000000 -0.000000 -0.000000 -0.000000 -0.000000 -0.000000 -0.000000 -0.000000 -0.000000 -0.000000 -0.000000 -0.000000 -0.000000 -0.000000 -0.000000 -0.000000 0.000000 -0.000000 -0.000000 -0.000000 -0.000000 0.000000 -0.000000 0.000000 -0.000000 -0.000000 0.000000 -0.000000 -0.000000 -0.000000 -0.000000 -0.000000 -0.000000 0.000000 0.000000 0.000000 0.000000 -0.000000 -0.000000 -0.000000 -0.000000 -0.000000 -0.000000 -0.000000 -0.000000 -0.000000 -0.000000 0.000000 0.000000 0.000000 0.000000 0.000000 0.000000 0.000000 0.000000 0.000000 0.000000 0.000000 0.000000 0.000000 0.000000 0.000000 0.000000 0.000000 0.000000 0.000000 0.000000 0.000000 -0.000000 0.000000 0.000000 0.000000 -0.000000 -0.000000 -0.000000 -0.000000 -0.000000 -0.000000 -0.000000 0.000000 0.000000 -0.000000 -0.000000 -0.000000 -0.000000 0.000000 0.000000 0.000000 0.000000 -0.000000 -0.000000 -0.000000 -0.000000 -0.000000 -0.000000 0.000000 0.000000 -0.000000 0.000000 -0.000000 -0.000000 -0.000000 -0.000000 -0.000000 -0.000000 -0.000000 -0.000000 -0.000000 0.000000 0.000000 0.000000 0.000000 0.000000 0.000000 0.000000 -0.000000 0.000000 0.000000 -0.000000 0.000000 -0.000000 0.000000 0.000000 0.000000 0.000000 -0.000000 -0.000000 -0.000000 0.000000 
0.139653 -0.035786 0.000014 141
0.463877 0.454885 -0.230803 0.247610 -0.434995 -0.071548 -0.163538 0.075454 0.236195 -0.689083 -0.140057 0.730755 0.273965 -0.052891 0.213238 0.237150 -0.034620 0.646029 -0.091378 -0.027986 -0.185334 0.570994 -0.120039 -0.098278 -0.184104 -0.016001 -0.166958 -0.051069 0.058005 0.084371 -0.414804 -0.113763 0.257393 -0.264346 0.552378 0.170371 -0.193398 -0.456993 0.108683 0.150806 -0.147590 -0.165387 -0.084595 -0.028228 0.210260 0.319934 0.008973 -0.336260 -0.041902 -0.260832 -0.197367 0.065635 -0.621985 -0.069851 -0.332105 -0.144450 0.138839 -0.323876 0.177587 0.038881 -0.098842 0.221909 -0.100228 -0.102465 0.070668 -0.206371 -0.172614 0.068380 0.096975 0.011699 -0.101315 -0.197976 0.130552 -0.163557 -0.142076 0.123596 0.006038 0.197355 0.206094 -0.080329 0.288128 0.191567 0.053595 0.146641 0.139012 -0.138470 0.007117 0.160054 0.017044 -0.132373 -0.120409 -0.132106 0.102521 0.067450 -0.086968 0.122776 -0.027199 0.199182 0.046149 -0.134988 0.077525 0.191105 0.167520 -0.008444 -0.066305 -0.064910 0.121949 0.179758 -0.163407 -0.011432 -0.049427 0.108746 0.081414 0.015995 -0.044989 0.173511 0.006675 -0.107716 0.096874 0.067467 0.076790 0.065544 0.059877 0.117904 -0.172069 0.032773 -0.123421 0.187811 -0.117128 -0.146952 0.154789 -0.135881 0.152028 -0.112526 0.143102 -0.194597 0.030307 0.030656 0.081711 0.148881 0.010706 
0.000000 0.000000 0.000001 0.000000 0.000001 0.000000 0.000000 0.000000 0.000000 0.000000 0.000000 0.000000 0.000001 0.000001 0.000000 0.000000 0.000000 0.000001 0.000000 0.000000 0.000000 0.000001 0.000000 0.000000 0.000000 0.000000 0.000000 0.000000 -0.000000 0.000000 0.000001 0.000000 0.000006 -0.000000 0.000001 0.000000 0.000000 0.000000 0.000000 0.000000 0.000000 0.000000 0.000000 0.000000 0.000001 -0.000000 -0.000000 -0.000000 0.000000 0.000002 0.000004 0.000002 0.000001 0.000001 0.000006 0.000001 0.000000 0.000002 0.000002 -0.000000 -0.000000 -0.000000 -0.000000 -0.000000 -0.000000 -0.000000 -0.000000 0.000000 -0.000000 0.000000 0.000000 -0.000000 0.000000 -0.000000 0.000000 -0.000000 -0.000000 0.000000 -0.000000 -0.000000 0.000000 -0.000000 -0.000000 -0.000000 0.000000 0.000000 0.000000 0.000000 0.000000 0.000000 0.000000 -0.000000 -0.000000 0.000000 0.000000 0.000000 0.000000 -0.000000 -0.000000 -0.000000 -0.000000 0.000000 0.000000 0.000000 0.000000 0.000000 0.000000 -0.000000 -0.000000 0.000000 -0.000000 0.000000 0.000000 0.000000 0.000000 0.000000 0.000000 0.000000 0.000000 0.000000 0.000000 -0.000000 -0.000000 0.000000 -0.000000 0.000000 0.000000 0.000000 -0.000000 -0.000000 0.000000 0.000000 0.000000 -0.000000 -0.000000 0.000000 0.000000 0.000000 0.000000 0.000000 0.000000 
0.470676 -0.035786 -0.000071 141
-1.079809 0.592045 -0.491573 -0.093432 0.417769 0.916112 0.098826 0.463174 0.023379 1.431829 -0.297947 -0.851350 -0.607615 0.726000 -0.917721 -0.131645 0.228098 0.022299 0.240689 0.356148 -0.184883 -0.322995 -0.085743 0.192926 -0.092307 -0.290168 -0.213925 -0.016132 0.226317 -0.227725 0.209779 0.287554 0.323267 0.021279 -1.055700 0.087808 -0.523480 -0.210344 0.056537 0.280980 0.257306 0.720496 -0.087899 0.197782 0.180737 -0.249394 -0.689249 -0.007776 0.031802 -0.344362 -0.524483 -0.145932 0.191813 -0.392211 0.149755 0.139184 0.021342 -0.104918 -0.311035 1.409574 0.428075 0.010000 0.033856 -0.646867 0.662406 -0.218232 -0.158614 0.068380 0.263608 0.011918 -0.101315 -0.011094 0.130574 -0.050081 -0.142076 0.146041 0.044499 0.150264 -0.038802 2.554309 0.031588 0.210288 -0.020013 0.185525 0.047125 -0.067084 -0.018909 0.172860 -0.043146 -0.122059 -0.102936 -0.129926 0.016140 0.107732 -0.156430 0.129862 0.014831 0.160078 0.035316 -0.113210 0.066252 0.179414 0.185746 -0.023138 -0.038526 -0.080712 0.110196 0.172970 -0.170106 0.038213 -0.038331 0.102054 0.110363 0.048870 -0.052621 0.225357 -0.010081 -0.101385 0.090800 0.041684 0.076224 0.067478 0.064183 0.118430 -0.171723 0.032792 -0.123437 0.185955 -0.117995 -0.146005 0.152348 -0.135723 0.145985 -0.111659 0.143535 -0.194804 0.030339 0.030572 0.077364 0.132256 0.011381 
-0.000001 -0.000002 -0.000007 -0.000000 -0.000007 -0.000001 -0.000000 -0.000001 -0.000000 -0.000002 -0.000000 -0.000001 -0.000006 -0.000007 -0.000001 -0.000000 -0.000000 -0.000003 -0.000000 -0.000002 -0.000000 -0.000003 -0.000000 -0.000000 -0.000000 -0.000000 -0.000000 -0.000000 0.000000 -0.000000 -0.000003 -0.000002 -0.000031 0.000000 -0.000003 0.000000 -0.000000 -0.000000 0.000000 -0.000001 -0.000001 -0.000001 -0.000001 -0.000001 -0.000007 0.000000 0.000000 0.000000 -0.000000 -0.000009 -0.000021 -0.000008 -0.000007 -0.000007 -0.000028 -0.000007 -0.000000 -0.000008 -0.000009 0.000000 0.000000 0.000000 0.000000 0.000000 0.000000 0.000000 0.000000 0.000000 0.000000 0.000000 0.000000 0.000000 0.000000 0.000000 0.000000 0.000000 0.000000 0.000000 0.000000 0.000000 -0.000000 0.000000 0.000000 0.000000 -0.000000 -0.000000 -0.000000 -0.000000 -0.000000 -0.000000 -0.000000 -0.000000 -0.000000 -0.000000 -0.000000 -0.000000 -0.000000 0.000000 -0.000000 0.000000 0.000000 -0.000000 -0.000000 -0.000000 -0.000000 -0.000000 -0.000000 -0.000000 -0.000000 -0.000000 0.000000 -0.000000 -0.000000 -0.000000 -0.000000 -0.000000 -0.000000 -0.000000 -0.000000 -0.000000 0.000000 0.000000 0.000000 0.000000 0.000000 0.000000 0.000000 -0.000000 0.000000 0.000000 -0.000000 0.000000 -0.000000 0.000000 0.000000 0.000000 0.000000 -0.000000 -0.000000 -0.000000 0.000000 
0.015228 -0.035786 -0.000001 141
-0.062075 -0.038712 -0.153756 0.011447 -0.039159 0.054557 -0.023909 0.067092 0.151884 0.377667 -0.131895 -0.251945 0.019922 0.253112 -0.127487 0.010768 -0.118062 0.590351 -0.023829 -0.179426 -0.185148 -0.060585 -0.152048 0.006599 -0.158384 -0.129914 -0.208991 -0.047272 0.137089 -0.046389 -0.083204 -0.152866 -0.157931 -0.021729 0.253320 0.138416 -0.078270 -0.259035 0.006296 -0.241117 -0.069708 0.069884 0.059862 -0.016846 0.201343 -0.022067 -0.081190 -0.208370 -0.008782 -0.288756 -0.385743 -0.077726 -0.074704 -0.239503 -0.402856 -0.030091 -0.386366 -0.198334 -0.113905 -0.152058 -0.152518 -0.129126 -0.058688 0.021756 0.194436 -0.196500 -0.161741 0.068380 0.135104 0.011771 -0.101315 -0.146056 0.130569 -0.149643 -0.142076 0.135235 0.023630 0.186031 0.058018 -0.016395 0.164948 0.199581 0.012276 0.162898 0.086929 -0.106245 -0.005610 0.165905 -0.029177 -0.126872 -0.113608 -0.129854 0.062153 0.083212 -0.118254 0.125922 -0.009833 0.182256 0.041898 -0.126750 0.070328 0.184541 0.174978 -0.015193 -0.056572 -0.074488 0.117637 0.176862 -0.165752 0.007298 -0.043090 0.105990 0.094347 0.030942 -0.049047 0.195326 0.000906 -0.105287 0.094784 0.057350 0.076633 0.066199 0.061180 0.118257 -0.171852 0.032771 -0.123424 0.187070 -0.117568 -0.146410 0.153160 -0.135829 0.149671 -0.112182 0.143435 -0.194649 0.030324 0.030628 0.081036 0.141327 0.011144 
-0.000000 -0.000000 -0.000000 -0.000000 -0.000000 -0.000000 -0.000000 -0.000000 -0.000000 -0.000000 -0.000000 -0.000000 -0.000000 -0.000000 -0.000000 -0.000000 -0.000000 -0.000000 -0.000000 -0.000000 -0.000000 -0.000000 -0.000000 -0.000000 -0.000000 -0.000000 -0.000000 -0.000000 0.000000 -0.000000 -0.000000 -0.000000 -0.000000 0.000000 -0.000000 0.000000 -0.000000 -0.000000 0.000000 -0.000000 -0.000000 -0.000000 -0.000000 -0.000000 -0.000000 0.000000 0.000000 0.000000 -0.000000 -0.000000 -0.000000 -0.000000 -0.000000 -0.000000 -0.000000 -0.000000 -0.000000 -0.000000 -0.000000 0.000000 0.000000 0.000000 0.000000 0.000000 0.000000 0.000000 0.000000 0.000000 0.000000 0.000000 0.000000 0.000000 0.000000 0.000000 0.000000 0.000000 0.000000 0.000000 0.000000 0.000000 -0.000000 0.000000 0.000000 0.000000 -0.000000 -0.000000 -0.000000 -0.000000 -0.000000 -0.000000 -0.000000 0.000000 0.000000 -0.000000 -0.000000 -0.000000 -0.000000 0.000000 0.000000 0.000000 0.000000 -0.000000 -0.000000 -0.000000 -0.000000 -0.000000 -0.000000 0.000000 0.000000 -0.000000 0.000000 -0.000000 -0.000000 -0.000000 -0.000000 -0.000000 -0.000000 -0.000000 -0.000000 -0.000000 0.000000 0.000000 0.000000 0.000000 0.000000 0.000000 0.000000 -0.000000 0.000000 0.000000 -0.000000 0.000000 -0.000000 0.000000 0.000000 0.000000 0.000000 -0.000000 -0.000000 -0.000000 0.000000 
0.116798 -0.035786 -0.000014 141
-0.377676 -0.231656 -0.102376 -0.177991 0.259728 0.189041 0.076848 0.095810 0.113529 1.050437 -0.100143 -0.820426 -0.100120 0.533752 -0.440810 -0.129255 -0.233047 -0.204787 0.191435 0.650620 -0.184991 0.364440 -0.195162 0.067692 -0.159741 -0.212232 -0.286211 -0.021820 0.145578 -0.142722 -0.174549 0.567409 0.054684 -0.007745 0.202110 0.112279 -0.244823 -0.331182 -0.058028 -0.645470 -0.095946 0.157395 0.029218 -0.112087 0.272706 -0.401352 -0.225312 -0.265186 0.014584 -0.442636 -0.005915 -0.239533 -0.111874 -0.145533 -0.553266 0.541038 -1.205991 -0.321102 -0.344360 -0.469788 -0.300066 -0.400532 -0.060430 -0.089822 0.235396 -0.232481 -0.156786 0.068380 0.253546 0.011886 -0.101315 -0.124564 0.130590 -0.142237 -0.142076 0.142933 0.033137 0.216280 -0.021284 -0.065421 0.087776 0.204391 -0.011763 0.172789 0.053547 -0.085084 -0.014157 0.169344 -0.053495 -0.123538 -0.110081 -0.128027 0.037986 0.091187 -0.137823 0.127846 0.000546 0.171471 0.038992 -0.121925 0.067757 0.180455 0.180103 -0.019824 -0.049573 -0.087457 0.115487 0.175101 -0.167556 0.018138 -0.037700 0.104020 0.103272 0.040154 -0.051522 0.211662 -0.002959 -0.103501 0.093687 0.052153 0.076534 0.066614 0.062039 0.118490 -0.171661 0.032771 -0.123425 0.186331 -0.117822 -0.146090 0.151423 -0.135776 0.147845 -0.111981 0.143477 -0.194673 0.030321 0.030599 0.079366 0.137025 0.011248 
-0.000000 -0.000000 -0.000001 -0.000000 -0.000002 -0.000000 -0.000000 -0.000000 -0.000000 -0.000000 -0.000000 -0.000000 -0.000001 -0.000001 -0.000000 -0.000000 -0.000000 -0.000001 -0.000000 -0.000001 -0.000000 -0.000001 -0.000000 -0.000000 -0.000000 -0.000000 -0.000000 -0.000000 0.000000 -0.000000 -0.000001 -0.000000 -0.000006 0.000000 -0.000001 0.000000 -0.000000 -0.000000 0.000000 -0.000000 -0.000000 -0.000000 -0.000000 -0.000000 -0.000001 0.000000 0.000000 0.000000 -0.000000 -0.000002 -0.000004 -0.000002 -0.000001 -0.000001 -0.000006 -0.000001 -0.000000 -0.000002 -0.000002 0.000000 0.000000 0.000000 0.000000 0.000000 0.000000 0.000000 0.000000 0.000000 0.000000 0.000000 0.000000 0.000000 0.000000 0.000000 0.000000 0.000000 0.000000 0.000000 0.000000 0.000000 -0.000000 0.000000 0.000000 0.000000 -0.000000 -0.000000 -0.000000 -0.000000 -0.000000 -0.000000 -0.000000 0.000000 0.000000 -0.000000 -0.000000 -0.000000 -0.000000 0.000000 0.000000 0.000000 0.000000 -0.000000 -0.000000 -0.000000 -0.000000 -0.000000 -0.000000 0.000000 0.000000 -0.000000 0.000000 -0.000000 -0.000000 -0.000000 -0.000000 -0.000000 -0.000000 -0.000000 -0.000000 -0.000000 0.000000 0.000000 0.000000 0.000000 0.000000 0.000000 0.000000 -0.000000 0.000000 0.000000 -0.000000 0.000000 -0.000000 0.000000 0.000000 0.000000 0.000000 -0.000000 -0.000000 -0.000000 0.000000 
0.036545 -0.035786 0.000002 141
0.241090 -0.074390 -0.256352 0.190065 -0.286326 -0.038435 -0.108151 0.081665 0.203147 -0.267173 -0.146431 0.343117 0.183587 0.016551 0.116510 0.159033 -0.069985 0.229025 -0.059881 -0.108109 -0.185255 0.312728 -0.120939 -0.052666 -0.172075 -0.059335 -0.176955 -0.038517 0.087305 0.027203 -0.119273 -0.065438 -0.028712 -0.205274 -0.015071 0.161108 -0.131075 0.063103 0.133980 0.067657 -0.075435 -0.032870 0.030471 -0.040527 0.146799 0.307595 -0.087730 -0.262685 -0.029695 -0.275847 -0.184367 0.017786 -0.369713 -0.052511 -0.330823 -0.101179 0.210713 -0.285969 0.077291 0.199482 -0.035833 0.065840 -0.082502 -0.091587 0.116394 -0.192220 -0.162308 0.068380 0.088413 0.011714 -0.101315 -0.172203 0.130558 -0.160203 -0.142076 0.129098 0.011913 0.196390 0.153107 0.362838 0.238008 0.194439 0.041265 0.152968 0.118980 -0.126837 0.003027 0.162153 0.003172 -0.130349 -0.117896 -0.131368 0.090873 0.072726 -0.097256 0.123857 -0.021014 0.192579 0.044532 -0.132019 0.075508 0.188467 0.169854 -0.010439 -0.063365 -0.066184 0.119852 0.178671 -0.164376 -0.004825 -0.046693 0.108181 0.086062 0.021558 -0.046928 0.181940 0.004603 -0.106769 0.095920 0.062997 0.076742 0.065775 0.060365 0.118023 -0.171983 0.032772 -0.123423 0.187588 -0.117291 -0.146748 0.154234 -0.135874 0.151225 -0.112397 0.143310 -0.194621 0.030310 0.030644 0.081790 0.145610 0.010899 
0.000000 0.000000 0.000000 0.000000 0.000000 0.000000 0.000000 0.000000 0.000000 0.000000 0.000000 0.000000 0.000000 0.000000 0.000000 0.000000 0.000000 0.000000 0.000000 0.000000 0.000000 0.000000 0.000000 0.000000 0.000000 0.000000 0.000000 0.000000 -0.000000 0.000000 0.000000 0.000000 0.000001 -0.000000 0.000000 0.000000 0.000000 0.000000 0.000000 0.000000 0.000000 0.000000 0.000000 0.000000 0.000000 -0.000000 -0.000000 -0.000000 0.000000 0.000000 0.000001 0.000000 0.000000 0.000000 0.000001 0.000000 0.000000 0.000000 0.000000 -0.000000 -0.000000 -0.000000 -0.000000 -0.000000 -0.000000 -0.000000 -0.000000 0.000000 -0.000000 0.000000 0.000000 -0.000000 0.000000 -0.000000 0.000000 -0.000000 -0.000000 0.000000 -0.000000 -0.000000 0.000000 -0.000000 -0.000000 -0.000000 0.000000 0.000000 0.000000 0.000000 0.000000 0.000000 0.000000 -0.000000 -0.000000 0.000000 0.000000 0.000000 0.000000 -0.000000 -0.000000 -0.000000 -0.000000 0.000000 0.000000 0.000000 0.000000 0.000000 0.000000 -0.000000 -0.000000 0.000000 -0.000000 0.000000 0.000000 0.000000 0.000000 0.000000 0.000000 0.000000 0.000000 0.000000 0.000000 -0.000000 -0.000000 0.000000 -0.000000 0.000000 0.000000 0.000000 -0.000000 -0.000000 0.000000 0.000000 0.000000 -0.000000 -0.000000 0.000000 0.000000 0.000000 0.000000 0.000000 0.000000 
0.695462 -0.035786 0.000060 141
1.403303 -0.981590 0.354500 0.098997 -0.640392 -0.480574 -0.190298 -0.194232 0.339202 -1.585741 -0.440261 1.126226 1.351380 0.196929 0.208011 0.365635 0.177863 0.462966 -0.233821 0.124106 -0.185485 1.368534 -0.159150 -0.221844 -0.202984 0.041608 -0.205977 -0.046719 0.000640 0.114929 -1.656116 0.389933 -1.017207 -0.418807 1.791376 0.210531 -0.457836 -0.926850 0.468834 0.690403 -0.368953 -0.482808 -0.174211 0.160792 0.012406 0.218045 0.700133 0.024879 -0.074586 0.098164 0.498764 0.946873 -0.520920 0.740666 -0.028801 0.017903 -0.345522 -0.309162 1.122045 0.205200 0.075470 -0.244751 -0.166241 0.154441 -0.484794 -0.139768 -0.095238 0.068380 0.054876 0.011698 -0.101315 -0.336394 0.130544 -0.156504 -0.142076 0.110742 -0.035812 0.205101 0.426641 0.366331 0.410871 0.180098 0.082530 0.128932 0.183874 -0.166008 0.018642 0.153781 0.048334 -0.138218 -0.127809 -0.134205 0.131068 0.045015 -0.059362 0.118775 -0.050367 0.214039 0.052781 -0.146331 0.084341 0.198528 0.158877 -0.003365 -0.073155 -0.063460 0.126711 0.183033 -0.160541 -0.044122 -0.060545 0.110279 0.067885 0.001791 -0.040335 0.149447 0.010731 -0.109238 0.099904 0.074178 0.076839 0.065407 0.059716 0.117647 -0.171852 0.032786 -0.123428 0.188126 -0.116724 -0.147018 0.158380 -0.136016 0.154526 -0.112983 0.143327 -0.194497 0.030322 0.030696 0.081754 0.154926 0.010103 
0.000001 0.000002 0.000006 0.000000 0.000006 0.000001 0.000000 0.000001 0.000000 0.000002 0.000000 0.000001 0.000005 0.000006 0.000000 0.000000 0.000000 0.000002 0.000000 0.000002 0.000000 0.000002 0.000000 0.000000 0.000000 0.000000 0.000000 0.000000 -0.000000 0.000000 0.000002 0.000002 0.000027 -0.000000 0.000003 0.000000 0.000000 0.000000 0.000000 0.000000 0.000001 0.000001 0.000001 0.000000 0.000006 -0.000000 -0.000000 -0.000000 0.000000 0.000008 0.000018 0.000007 0.000006 0.000006 0.000024 0.000006 0.000000 0.000007 0.000008 -0.000000 -0.000000 -0.000000 -0.000000 -0.000000 -0.000000 -0.000000 -0.000000 0.000000 -0.000000 0.000000 0.000000 -0.000000 0.000000 -0.000000 0.000000 -0.000000 -0.000000 0.000000 -0.000000 -0.000000 0.000000 -0.000000 -0.000000 -0.000000 0.000000 0.000000 0.000000 0.000000 0.000000 0.000000 0.000000 -0.000000 0.000000 0.000000 0.000000 0.000000 0.000000 -0.000000 -0.000000 -0.000000 -0.000000 0.000000 0.000000 0.000000 0.000000 0.000000 0.000000 -0.000000 0.000000 0.000000 -0.000000 0.000000 0.000000 0.000000 0.000000 0.000000 0.000000 0.000000 0.000000 0.000000 0.000000 -0.000000 -0.000000 0.000000 -0.000000 0.000000 0.000000 0.000000 -0.000000 -0.000000 0.000000 0.000000 0.000000 -0.000000 -0.000000 0.000000 0.000000 0.000000 0.000000 0.000000 0.000000 
0.276266 -0.035786 0.000039 141
1.059482 0.626304 -0.255108 0.360471 -0.715393 -0.286220 -0.244527 0.087114 0.305880 -1.446620 -0.068934 1.199806 0.443860 -0.363074 0.570897 0.341163 -0.162904 0.939637 -0.180070 -0.487301 -0.185475 0.525774 -0.192080 -0.174446 -0.230461 0.053505 -0.150987 -0.074972 0.007488 0.193797 -0.765829 -0.363480 0.616366 -0.675879 0.885145 0.170996 -0.164969 -0.334756 -0.035154 0.329759 -0.397109 -0.578884 -0.292471 -0.485142 0.224919 0.422238 0.092175 -0.478348 -0.057985 -0.210204 -0.252871 0.373976 -0.859981 -0.162742 -0.327544 -0.330820 0.203330 -0.444273 0.522373 -0.047706 -0.170950 0.340402 -0.134989 -0.273670 -0.105021 -0.265800 -0.185816 0.068380 0.084042 0.011695 -0.101315 -0.256209 0.130551 -0.182245 -0.142076 0.114569 -0.002823 0.226730 0.292459 -0.594296 0.370715 0.184376 0.075515 0.134982 0.171645 -0.160765 0.011646 0.155881 0.045469 -0.136110 -0.125502 -0.133791 0.123419 0.056655 -0.076772 0.120294 -0.039343 0.209190 0.048846 -0.140606 0.083921 0.195621 0.162558 -0.004207 -0.073988 -0.065205 0.123769 0.181393 -0.162100 -0.027919 -0.052548 0.110430 0.074017 0.005767 -0.042017 0.157149 0.009684 -0.109187 0.098798 0.075543 0.076998 0.065004 0.058402 0.117738 -0.172068 0.032778 -0.123414 0.188491 -0.116896 -0.147462 0.155766 -0.135938 0.154473 -0.112833 0.142919 -0.194533 0.030302 0.030688 0.082357 0.154762 0.010192 
0.000001 0.000001 0.000004 0.000000 0.000004 0.000000 0.000000 0.000001 0.000000 0.000001 0.000000 0.000001 0.000003 0.000004 0.000000 0.000000 0.000000 0.000001 0.000000 0.000001 0.000000 0.000001 0.000000 0.000000 0.000000 0.000000 0.000000 0.000000 -0.000000 0.000000 0.000002 0.000001 0.000017 -0.000000 0.000002 0.000000 0.000000 0.000000 0.000000 0.000000 0.000001 0.000001 0.000000 0.000000 0.000004 -0.000000 -0.000000 -0.000000 0.000000 0.000005 0.000012 0.000005 0.000004 0.000004 0.000016 0.000004 0.000000 0.000004 0.000005 -0.000000 -0.000000 -0.000000 -0.000000 -0.000000 -0.000000 -0.000000 -0.000000 0.000000 -0.000000 0.000000 0.000000 -0.000000 0.000000 -0.000000 0.000000 -0.000000 -0.000000 0.000000 -0.000000 -0.000000 0.000000 -0.000000 -0.000000 -0.000000 0.000000 0.000000 0.000000 0.000000 0.000000 0.000000 0.000000 -0.000000 -0.000000 0.000000 0.000000 0.000000 0.000000 -0.000000 -0.000000 -0.000000 -0.000000 0.000000 0.000000 0.000000 0.000000 0.000000 0.000000 -0.000000 0.000000 0.000000 -0.000000 0.000000 0.000000 0.000000 0.000000 0.000000 0.000000 0.000000 0.000000 0.000000 0.000000 -0.000000 -0.000000 0.000000 -0.000000 0.000000 0.000000 0.000000 -0.000000 -0.000000 0.000000 0.000000 0.000000 -0.000000 -0.000000 0.000000 0.000000 0.000000 0.000000 0.000000 0.000000 
0.184193 -0.035786 -0.000040 141
-1.081865 0.835283 -0.634346 0.121927 0.280661 0.842581 0.079092 0.257811 0.060777 1.420522 -0.327949 -0.860084 -0.399224 0.781669 -0.866878 -0.140683 0.147702 -0.236783 0.278802 0.916240 -0.184945 0.004624 0.043183 0.153585 -0.052112 -0.261025 -0.262672 -0.056254 0.189852 -0.191095 0.224790 0.655530 0.628043 0.125653 -0.214099 0.102935 -0.448664 -0.448749 0.124124 0.170300 -0.010643 0.403577 -0.081700 0.409282 0.039508 -0.295777 0.064669 -0.475811 0.022724 -0.455352 -0.157983 -0.514791 -0.248242 0.129936 -0.961697 1.322884 1.452476 -0.140733 -0.626131 0.994778 0.014424 0.156646 0.046119 -0.320164 0.791441 -0.275048 -0.199156 0.068380 0.288100 0.011908 -0.101315 -0.026500 0.130573 -0.216408 -0.142076 0.149490 0.060015 0.186410 -0.190670 -0.284746 0.027467 0.212327 -0.022902 0.184258 0.043569 -0.070616 -0.015681 0.173018 -0.055108 -0.119265 -0.107813 -0.128899 0.018948 0.108482 -0.144450 0.130687 0.010859 0.160086 0.035606 -0.115259 0.061754 0.178891 0.186521 -0.024140 -0.041778 -0.068064 0.112093 0.174144 -0.168979 0.041797 -0.034989 0.100968 0.107606 0.045265 -0.054324 0.223627 -0.008119 -0.102622 0.091460 0.043018 0.076189 0.067309 0.063435 0.118564 -0.171624 0.032760 -0.123424 0.185689 -0.117987 -0.145480 0.150936 -0.135645 0.145747 -0.111700 0.143507 -0.194747 0.030321 0.030570 0.077707 0.129590 0.011937 
-0.000001 -0.000001 -0.000004 -0.000000 -0.000004 -0.000000 -0.000000 -0.000001 -0.000000 -0.000001 -0.000000 -0.000001 -0.000003 -0.000004 -0.000000 -0.000000 -0.000000 -0.000002 -0.000000 -0.000001 -0.000000 -0.000001 -0.000000 -0.000000 -0.000000 -0.000000 -0.000000 -0.000000 0.000000 -0.000000 -0.000002 -0.000001 -0.000018 0.000000 -0.000002 0.000000 -0.000000 -0.000000 0.000000 -0.000000 -0.000001 -0.000001 -0.000000 -0.000000 -0.000004 0.000000 0.000000 0.000000 -0.000000 -0.000005 -0.000012 -0.000005 -0.000004 -0.000004 -0.000016 -0.000004 -0.000000 -0.000005 -0.000005 0.000000 0.000000 0.000000 0.000000 0.000000 0.000000 0.000000 0.000000 0.000000 0.000000 0.000000 0.000000 0.000000 0.000000 0.000000 0.000000 0.000000 0.000000 0.000000 0.000000 0.000000 -0.000000 0.000000 0.000000 0.000000 -0.000000 -0.000000 -0.000000 -0.000000 -0.000000 -0.000000 -0.000000 0.000000 -0.000000 -0.000000 -0.000000 -0.000000 -0.000000 0.000000 0.000000 0.000000 0.000000 -0.000000 -0.000000 -0.000000 -0.000000 -0.000000 -0.000000 0.000000 -0.000000 -0.000000 0.000000 -0.000000 -0.000000 -0.000000 -0.000000 -0.000000 -0.000000 -0.000000 -0.000000 -0.000000 0.000000 0.000000 0.000000 0.000000 0.000000 0.000000 0.000000 -0.000000 0.000000 0.000000 -0.000000 0.000000 -0.000000 0.000000 0.000000 0.000000 0.000000 -0.000000 -0.000000 -0.000000 0.000000 
0.021281 -0.035786 -0.000003 141
-0.209923 0.049011 -0.163038 -0.016309 0.138582 0.115284 0.013761 0.124879 0.128616 0.710656 -0.103175 -0.508136 -0.119972 0.320219 -0.186722 -0.053261 -0.153233 0.670574 0.011060 -0.189359 -0.185085 -0.232757 -0.205516 0.035256 -0.173151 -0.165817 -0.231003 -0.048250 0.154902 -0.081460 0.257008 -0.108431 -0.095651 -0.117019 0.679659 0.125741 -0.197256 -0.414874 -0.056371 -0.390975 -0.022532 0.154789 0.070362 -0.040560 0.371429 -0.212907 -0.158622 -0.309667 0.004433 -0.405199 -0.417834 0.023855 0.099514 -0.248296 -0.528877 0.053494 -0.867980 -0.406721 -0.097658 -0.339376 -0.230756 -0.223560 -0.058082 -0.027586 0.180929 -0.210101 -0.155189 0.068380 0.143873 0.011827 -0.101315 -0.135615 0.130578 -0.171203 -0.142076 0.139225 0.026254 0.193812 0.020518 0.002327 0.130500 0.202119 -0.000856 0.168542 0.072399 -0.094523 -0.010860 0.167961 -0.041572 -0.125042 -0.111825 -0.129043 0.048326 0.086878 -0.131267 0.126843 -0.004551 0.176689 0.040458 -0.123925 0.068617 0.182806 0.177090 -0.017495 -0.052097 -0.078114 0.116348 0.175783 -0.166668 0.012560 -0.041292 0.105407 0.099475 0.035807 -0.049779 0.202561 -0.000874 -0.104699 0.094258 0.055484 0.076604 0.066383 0.061475 0.118419 -0.171746 0.032771 -0.123425 0.186820 -0.117657 -0.146218 0.152435 -0.135823 0.149082 -0.112107 0.143468 -0.194661 0.030332 0.030617 0.080490 0.139650 0.011191 
-0.000000 -0.000000 -0.000000 -0.000000 -0.000000 -0.000000 -0.000000 -0.000000 -0.000000 -0.000000 -0.000000 -0.000000 -0.000000 -0.000000 -0.000000 -0.000000 -0.000000 -0.000000 -0.000000 -0.000000 -0.000000 -0.000000 -0.000000 -0.000000 -0.000000 -0.000000 -0.000000 -0.000000 0.000000 -0.000000 -0.000000 -0.000000 -0.000001 0.000000 -0.000000 0.000000 -0.000000 -0.000000 0.000000 -0.000000 -0.000000 -0.000000 -0.000000 -0.000000 -0.000000 0.000000 0.000000 0.000000 -0.000000 -0.000000 -0.000001 -0.000000 -0.000000 -0.000000 -0.000001 -0.000000 -0.000000 -0.000000 -0.000000 0.000000 0.000000 0.000000 0.000000 0.000000 0.000000 0.000000 0.000000 0.000000 0.000000 0.000000 0.000000 0.000000 0.000000 0.000000 0.000000 0.000000 0.000000 0.000000 0.000000 0.000000 -0.000000 0.000000 0.000000 0.000000 -0.000000 -0.000000 -0.000000 -0.000000 -0.000000 -0.000000 -0.000000 0.000000 0.000000 -0.000000 -0.000000 -0.000000 -0.000000 0.000000 0.000000 0.000000 0.000000 -0.000000 -0.000000 -0.000000 -0.000000 -0.000000 -0.000000 0.000000 0.000000 -0.000000 0.000000 -0.000000 -0.000000 -0.000000 -0.000000 -0.000000 -0.000000 -0.000000 -0.000000 -0.000000 0.000000 0.000000 0.000000 0.000000 0.000000 0.000000 0.000000 -0.000000 0.000000 0.000000 -0.000000 0.000000 -0.000000 0.000000 0.000000 0.000000 0.000000 -0.000000 -0.000000 -0.000000 0.000000 
0.880743 -0.035786 0.000027 141
0.949264 -0.418176 -0.079516 0.285037 -0.577800 -0.202870 -0.266364 0.125940 0.305953 -1.452772 -0.225048 1.440122 0.884969 0.210714 0.033285 0.378992 0.142993 1.062975 -0.238765 -0.851014 -0.185482 0.506788 -0.159347 -0.185807 -0.181502 0.008009 -0.109354 -0.028493 0.010217 0.174269 -0.588475 -0.674034 0.460447 -0.687866 0.044337 0.195350 -0.664268 -2.568585 0.041529 0.141880 -0.361948 -0.312367 -0.524406 -0.138230 0.217182 0.251315 0.377198 -0.117656 -0.057514 -0.073572 -0.034447 0.222541 -0.768078 -0.249798 0.173882 -0.050172 0.142614 -0.181544 0.450697 0.172277 0.369696 0.191187 -0.140154 -0.304729 -0.176107 -0.289407 -0.179634 0.068380 0.077933 0.011697 -0.101315 -0.298966 0.130554 -0.159762 -0.142076 0.118153 -0.020317 0.312369 0.354689 -0.136929 0.367393 0.186881 0.077775 0.136255 0.175374 -0.152668 0.013313 0.154970 0.045138 -0.137440 -0.126505 -0.131856 0.126950 0.057618 -0.070317 0.119321 -0.039830 0.209466 0.049376 -0.140423 0.086085 0.195780 0.163361 -0.003936 -0.071755 -0.053285 0.124486 0.181730 -0.161752 -0.021291 -0.055245 0.110713 0.075477 0.006386 -0.041233 0.151856 0.009913 -0.109150 0.098108 0.071978 0.076765 0.065496 0.059154 0.117921 -0.171894 0.032775 -0.123432 0.187636 -0.116828 -0.146935 0.155384 -0.135900 0.153663 -0.112605 0.142982 -0.194553 0.030316 0.030649 0.081781 0.151051 0.010340 
0.000000 0.000001 0.000003 0.000000 0.000003 0.000000 0.000000 0.000001 0.000000 0.000001 0.000000 0.000000 0.000002 0.000003 0.000000 0.000000 0.000000 0.000001 0.000000 0.000001 0.000000 0.000001 0.000000 0.000000 0.000000 0.000000 0.000000 0.000000 -0.000000 0.000000 0.000001 0.000001 0.000012 -0.000000 0.000001 0.000000 0.000000 0.000000 0.000000 0.000000 0.000001 0.000001 0.000000 0.000000 0.000003 -0.000000 -0.000000 -0.000000 -0.000000 0.000003 0.000008 0.000003 0.000003 0.000003 0.000011 0.000003 0.000000 0.000003 0.000003 -0.000000 -0.000000 -0.000000 -0.000000 -0.000000 -0.000000 -0.000000 -0.000000 0.000000 -0.000000 0.000000 0.000000 -0.000000 0.000000 -0.000000 0.000000 -0.000000 -0.000000 0.000000 -0.000000 -0.000000 0.000000 -0.000000 -0.000000 -0.000000 0.000000 0.000000 0.000000 0.000000 0.000000 0.000000 0.000000 -0.000000 -0.000000 0.000000 0.000000 0.000000 0.000000 -0.000000 -0.000000 -0.000000 -0.000000 0.000000 0.000000 0.000000 0.000000 0.000000 0.000000 -0.000000 0.000000 0.000000 -0.000000 0.000000 0.000000 0.000000 0.000000 0.000000 0.000000 0.000000 0.000000 0.000000 0.000000 -0.000000 -0.000000 0.000000 -0.000000 0.000000 0.000000 0.000000 -0.000000 -0.000000 0.000000 0.000000 0.000000 -0.000000 -0.000000 0.000000 0.000000 0.000000 0.000000 0.000000 0.000000 
0.002801 -0.035786 0.000001 141
1.295897 0.045742 -0.584935 0.627651 -0.830088 -0.589886 -0.166593 -0.003523 0.335917 -1.650070 -0.139809 1.792033 0.819054 -0.644340 0.735924 0.467478 -0.157970 0.080811 -0.149234 -0.104050 -0.185498 0.545521 -0.311554 -0.180738 -0.332153 0.054495 -0.184197 -0.093820 -0.007255 0.176087 -0.633357 -0.199454 -2.034975 -0.926787 1.458490 0.203283 0.067606 0.739540 -0.275403 0.092536 -0.250809 -0.517072 0.102904 -0.669733 0.813443 0.269646 -0.268271 -0.165465 -0.058672 -0.017569 0.783334 0.951703 -0.346332 -0.012861 -0.180374 0.002649 1.102932 -0.422039 1.109752 0.320269 0.162291 -0.380781 -0.100473 -0.211375 -0.245524 -0.280280 -0.197699 0.068380 0.065426 0.011709 -0.101315 -0.290192 0.130557 -0.211706 -0.142076 0.104454 -0.001470 0.230417 0.233234 0.173525 0.414739 0.180113 0.093887 0.128717 0.185431 -0.167015 0.016580 0.154168 0.068857 -0.138855 -0.127891 -0.134775 0.141375 0.053601 -0.062515 0.118949 -0.044696 0.223344 0.050747 -0.144007 0.092054 0.199273 0.161168 -0.001485 -0.077681 -0.056722 0.126167 0.182414 -0.161887 -0.040598 -0.054067 0.111709 0.070794 0.004835 -0.041898 0.158027 0.008893 -0.109721 0.100195 0.077338 0.077077 0.064568 0.059228 0.117240 -0.171820 0.032777 -0.123413 0.188538 -0.116762 -0.148219 0.156406 -0.136054 0.156099 -0.113070 0.143471 -0.194530 0.030314 0.030727 0.083726 0.155079 0.010318 
0.000000 0.000000 0.000000 0.000000 0.000000 0.000000 0.000000 0.000000 0.000000 0.000000 0.000000 0.000000 0.000000 0.000000 0.000000 0.000000 0.000000 0.000000 0.000000 0.000000 0.000000 0.000000 0.000000 0.000000 0.000000 0.000000 0.000000 0.000000 -0.000000 0.000000 0.000000 0.000000 0.000001 -0.000000 0.000000 0.000000 0.000000 0.000000 0.000000 0.000000 0.000000 0.000000 0.000000 0.000000 0.000000 -0.000000 -0.000000 -0.000000 0.000000 0.000000 0.000001 0.000000 0.000000 0.000000 0.000001 0.000000 0.000000 0.000000 0.000000 -0.000000 -0.000000 -0.000000 -0.000000 -0.000000 -0.000000 -0.000000 -0.000000 0.000000 -0.000000 0.000000 0.000000 -0.000000 0.000000 -0.000000 0.000000 -0.000000 -0.000000 0.000000 -0.000000 -0.000000 0.000000 -0.000000 -0.000000 -0.000000 0.000000 0.000000 0.000000 0.000000 0.000000 0.000000 0.000000 -0.000000 -0.000000 0.000000 0.000000 0.000000 0.000000 -0.000000 -0.000000 -0.000000 -0.000000 0.000000 0.000000 0.000000 0.000000 0.000000 0.000000 -0.000000 -0.000000 0.000000 -0.000000 0.000000 0.000000 0.000000 0.000000 0.000000 0.000000 0.000000 0.000000 0.000000 0.000000 -0.000000 -0.000000 0.000000 -0.000000 0.000000 0.000000 0.000000 -0.000000 -0.000000 0.000000 0.000000 0.000000 -0.000000 -0.000000 0.000000 0.000000 0.000000 0.000000 0.000000 0.000000 
0.018149 -0.035786 -0.000003 141
-0.232991 -0.057653 -0.061172 -0.041513 0.360481 0.266772 0.039990 0.274321 0.131288 0.957248 -0.091840 -0.496135 -0.166313 0.575076 -0.324540 -0.071633 -0.203277 0.767617 0.067485 0.018527 -0.185016 -0.245140 -0.170786 0.062116 -0.160290 -0.174431 -0.216190 -0.037364 0.160299 -0.091265 -0.366757 -0.018741 -0.508776 -0.107254 -0.895654 0.118014 -0.151271 -0.480597 -0.040803 -0.572372 -0.057647 0.143388 0.109619 -0.503181 0.526879 -0.242590 -0.347783 -0.375199 0.011136 -0.412562 0.095363 0.204136 -0.021764 -0.060951 -0.601288 0.197101 -1.007169 -0.520547 0.031616 -0.344297 -0.283021 -0.133270 -0.062649 -0.041137 0.201207 -0.212345 -0.152429 0.068380 0.152685 0.011877 -0.101315 -0.132596 0.130583 -0.175442 -0.142076 0.139004 0.028812 0.209948 -0.003082 -0.045120 0.112153 0.204335 -0.008671 0.172428 0.065810 -0.087630 -0.013316 0.168882 -0.047611 -0.124462 -0.108922 -0.128442 0.040681 0.090276 -0.137838 0.127189 -0.000015 0.173691 0.039707 -0.120994 0.066169 0.182419 0.178852 -0.018699 -0.049851 -0.082091 0.114847 0.175502 -0.167367 0.019160 -0.039261 0.105048 0.102560 0.037499 -0.049845 0.211791 -0.001609 -0.104402 0.094343 0.054683 0.076586 0.066328 0.061650 0.118585 -0.171860 0.032773 -0.123426 0.186683 -0.117709 -0.146226 0.151921 -0.135811 0.148541 -0.112109 0.143408 -0.194666 0.030318 0.030624 0.080092 0.138230 0.011225 
-0.000000 -0.000000 -0.000000 0.000000 -0.000000 -0.000000 -0.000000 -0.000000 -0.000000 -0.000000 -0.000000 -0.000000 -0.000000 -0.000000 -0.000000 -0.000000 -0.000000 -0.000000 -0.000000 -0.000000 -0.000000 -0.000000 -0.000000 -0.000000 -0.000000 -0.000000 -0.000000 -0.000000 0.000000 -0.000000 -0.000000 -0.000000 -0.000001 0.000000 -0.000000 0.000000 -0.000000 -0.000000 0.000000 -0.000000 -0.000000 -0.000000 -0.000000 -0.000000 -0.000000 0.000000 0.000000 0.000000 0.000000 -0.000000 -0.000001 -0.000000 -0.000000 -0.000000 -0.000001 -0.000000 -0.000000 -0.000000 -0.000000 0.000000 0.000000 0.000000 0.000000 0.000000 0.000000 0.000000 0.000000 0.000000 0.000000 0.000000 0.000000 0.000000 0.000000 0.000000 0.000000 0.000000 0.000000 0.000000 0.000000 0.000000 -0.000000 0.000000 0.000000 0.000000 -0.000000 -0.000000 -0.000000 -0.000000 -0.000000 -0.000000 -0.000000 0.000000 0.000000 -0.000000 -0.000000 -0.000000 -0.000000 0.000000 0.000000 0.000000 0.000000 -0.000000 -0.000000 -0.000000 -0.000000 -0.000000 -0.000000 0.000000 0.000000 -0.000000 0.000000 -0.000000 -0.000000 0.000000 -0.000000 0.000000 -0.000000 -0.000000 -0.000000 -0.000000 0.000000 0.000000 0.000000 0.000000 0.000000 0.000000 0.000000 -0.000000 0.000000 0.000000 -0.000000 0.000000 -0.000000 0.000000 0.000000 0.000000 0.000000 -0.000000 -0.000000 -0.000000 0.000000 
0.070872 -0.035786 0.000007 141
0.438081 0.472583 -0.311318 0.303058 -0.437755 -0.074594 -0.155729 0.052809 0.234777 -0.624482 -0.158329 0.709519 0.278394 -0.087893 0.221538 0.230667 -0.039451 0.436065 -0.092530 -0.057171 -0.185326 0.488530 -0.112454 -0.091769 -0.185100 -0.023572 -0.165215 -0.041387 0.059692 0.071224 -0.346029 -0.080573 -0.061083 -0.267742 0.504036 0.171837 -0.170076 -0.312611 0.111240 0.150709 -0.150032 -0.164806 -0.069584 0.003764 0.250178 0.276351 0.010827 -0.380919 -0.040474 -0.231568 -0.115899 0.081201 -0.571887 -0.041142 -0.278714 -0.016812 0.306704 -0.273817 0.188130 0.138858 -0.032634 0.156171 -0.087738 -0.101197 0.075093 -0.209633 -0.174005 0.068380 0.097817 0.011701 -0.101315 -0.191923 0.130553 -0.159237 -0.142076 0.124278 0.008003 0.203140 0.182008 -0.330003 0.281657 0.191909 0.052797 0.147292 0.136290 -0.137206 0.007274 0.160388 0.016201 -0.131747 -0.120492 -0.132118 0.102199 0.067768 -0.086392 0.122976 -0.026391 0.198820 0.046033 -0.134936 0.077280 0.191040 0.167873 -0.008600 -0.065656 -0.065643 0.121066 0.179720 -0.163544 -0.010500 -0.049062 0.108646 0.081811 0.016420 -0.045395 0.174643 0.006248 -0.107663 0.096807 0.066840 0.076772 0.065571 0.060010 0.117898 -0.172049 0.032773 -0.123420 0.187767 -0.117133 -0.146932 0.154741 -0.135879 0.151967 -0.112515 0.143162 -0.194599 0.030305 0.030656 0.081714 0.148273 0.010717 
0.000000 0.000000 0.000001 0.000000 0.000001 0.000000 0.000000 0.000000 0.000000 0.000000 0.000000 0.000000 0.000001 0.000001 0.000000 0.000000 0.000000 0.000000 0.000000 0.000000 0.000000 0.000000 0.000000 0.000000 0.000000 0.000000 0.000000 0.000000 -0.000000 0.000000 0.000000 0.000000 0.000003 -0.000000 0.000000 0.000000 0.000000 0.000000 0.000000 0.000000 0.000000 0.000000 0.000000 0.000000 0.000001 -0.000000 -0.000000 -0.000000 0.000000 0.000001 0.000002 0.000001 0.000001 0.000001 0.000003 0.000001 0.000000 0.000001 0.000001 -0.000000 -0.000000 -0.000000 -0.000000 -0.000000 -0.000000 -0.000000 -0.000000 0.000000 -0.000000 0.000000 0.000000 -0.000000 0.000000 -0.000000 0.000000 -0.000000 -0.000000 0.000000 -0.000000 -0.000000 0.000000 -0.000000 -0.000000 -0.000000 0.000000 0.000000 0.000000 0.000000 0.000000 0.000000 0.000000 -0.000000 -0.000000 0.000000 0.000000 0.000000 0.000000 -0.000000 -0.000000 -0.000000 -0.000000 0.000000 0.000000 0.000000 0.000000 0.000000 0.000000 -0.000000 -0.000000 0.000000 -0.000000 0.000000 0.000000 0.000000 0.000000 0.000000 0.000000 0.000000 0.000000 0.000000 0.000000 -0.000000 -0.000000 0.000000 -0.000000 0.000000 0.000000 0.000000 -0.000000 -0.000000 0.000000 0.000000 0.000000 -0.000000 -0.000000 0.000000 0.000000 0.000000 0.000000 0.000000 0.000000 
0.073025 -0.035786 -0.000014 141
-0.498963 0.130216 -0.245295 0.040859 0.431105 0.303081 0.049127 0.331704 0.107601 1.194442 -0.155305 -0.549342 -0.180775 0.719932 -0.532925 -0.074264 -0.157549 -0.151663 0.059114 -0.297288 -0.184973 -0.650391 -0.100946 0.085399 -0.133994 -0.191495 -0.209502 -0.025411 0.143880 -0.112783 -0.080801 -0.413866 -0.554440 -0.172839 -1.320191 0.104567 -0.177515 -0.348479 0.000264 -0.565517 0.056941 0.322267 0.149452 -0.163168 0.605405 -0.310685 -0.247860 -0.515361 0.014750 -0.275606 0.240888 0.215509 -0.067227 0.220435 -0.327633 0.175673 -0.913962 -0.257097 0.002895 0.076361 -0.204276 -0.247679 -0.071060 -0.263511 0.327742 -0.215168 -0.157152 0.068380 0.197061 0.011915 -0.101315 -0.109405 0.130586 -0.198751 -0.142076 0.138869 0.037808 0.206135 -0.014628 -0.266396 0.091713 0.205818 -0.011181 0.176066 0.060233 -0.081896 -0.014476 0.169860 -0.045404 -0.124102 -0.106786 -0.127405 0.036855 0.095590 -0.140999 0.127611 0.002952 0.171219 0.038878 -0.118823 0.064944 0.180896 0.183633 -0.019733 -0.047075 -0.084042 0.113425 0.175307 -0.167812 0.027613 -0.037123 0.105270 0.103942 0.038652 -0.050593 0.215895 -0.002213 -0.104364 0.093906 0.051909 0.076507 0.066511 0.062280 0.118644 -0.171849 0.032769 -0.123428 0.186452 -0.117817 -0.146034 0.151146 -0.135761 0.147418 -0.112008 0.143344 -0.194677 0.030315 0.030621 0.078933 0.136581 0.011416 
-0.000000 -0.000000 -0.000001 -0.000000 -0.000001 -0.000000 -0.000000 -0.000000 -0.000000 -0.000000 -0.000000 -0.000000 -0.000001 -0.000001 -0.000000 -0.000000 -0.000000 -0.000001 -0.000000 -0.000000 -0.000000 -0.000000 -0.000000 -0.000000 -0.000000 -0.000000 -0.000000 -0.000000 0.000000 -0.000000 -0.000001 -0.000000 -0.000006 0.000000 -0.000001 0.000000 -0.000000 -0.000000 0.000000 -0.000000 -0.000000 -0.000000 -0.000000 -0.000000 -0.000001 0.000000 0.000000 0.000000 -0.000000 -0.000002 -0.000004 -0.000002 -0.000001 -0.000001 -0.000006 -0.000001 -0.000000 -0.000002 -0.000002 0.000000 0.000000 0.000000 0.000000 0.000000 0.000000 0.000000 0.000000 0.000000 0.000000 0.000000 0.000000 0.000000 0.000000 0.000000 0.000000 0.000000 0.000000 0.000000 0.000000 0.000000 -0.000000 0.000000 0.000000 0.000000 -0.000000 -0.000000 -0.000000 -0.000000 -0.000000 -0.000000 -0.000000 0.000000 0.000000 -0.000000 -0.000000 -0.000000 -0.000000 0.000000 0.000000 0.000000 0.000000 -0.000000 -0.000000 -0.000000 -0.000000 -0.000000 -0.000000 0.000000 0.000000 -0.000000 0.000000 -0.000000 -0.000000 -0.000000 -0.000000 -0.000000 -0.000000 -0.000000 -0.000000 -0.000000 0.000000 0.000000 0.000000 0.000000 0.000000 0.000000 0.000000 -0.000000 0.000000 0.000000 -0.000000 0.000000 -0.000000 0.000000 0.000000 0.000000 0.000000 -0.000000 -0.000000 -0.000000 0.000000 
0.996620 -0.035786 0.000001 141
0.930181 0.098337 -0.124486 0.353576 -0.285404 -0.478629 -0.197128 0.305485 0.330037 -0.879494 -0.148022 1.213559 0.676662 0.108966 0.323462 0.287620 -0.228385 0.167973 -0.127506 -0.561397 -0.185290 0.268179 -0.167220 -0.109788 -0.212015 0.018083 -0.161923 -0.006703 0.002556 0.133325 -0.226733 -0.495835 0.460950 -0.414034 -0.018488 0.161793 1.381205 -0.188760 0.215326 0.281642 -0.201519 -0.303135 -0.078449 -0.446638 0.667499 0.163691 -0.024027 -0.219293 -0.035470 -0.203100 1.028578 1.205039 -0.234780 0.312870 -0.180630 -0.961757 -0.216676 -0.847740 1.161961 -0.182224 -0.027637 0.002317 -0.205247 0.250052 -0.432026 -0.194950 -0.124853 0.068380 0.079364 0.011697 -0.101315 -0.264624 0.130541 -0.261129 -0.142076 0.112871 -0.024617 0.294893 0.273088 -0.405387 0.341807 0.186542 0.057806 0.140897 0.156028 -0.144380 0.006302 0.157200 0.029746 -0.135264 -0.126614 -0.131264 0.108033 0.058163 -0.089874 0.121239 -0.034323 0.209735 0.048476 -0.137483 0.084275 0.193699 0.162994 -0.006822 -0.068479 -0.070496 0.121676 0.179824 -0.163151 -0.018915 -0.049520 0.109933 0.080781 0.012277 -0.041600 0.167117 0.008204 -0.108009 0.097748 0.070340 0.076778 0.065287 0.060243 0.117908 -0.171758 0.032776 -0.123424 0.187862 -0.117220 -0.146624 0.155694 -0.136050 0.153618 -0.112620 0.143304 -0.194514 0.030293 0.030647 0.082733 0.151667 0.010160 
0.000000 0.000000 0.000000 -0.000000 0.000000 0.000000 0.000000 0.000000 0.000000 0.000000 0.000000 0.000000 0.000000 0.000000 0.000000 0.000000 0.000000 0.000000 0.000000 0.000000 0.000000 0.000000 0.000000 0.000000 -0.000000 0.000000 -0.000000 -0.000000 -0.000000 0.000000 0.000000 0.000000 0.000000 -0.000000 0.000000 0.000000 0.000000 -0.000000 0.000000 0.000000 0.000000 0.000000 0.000000 0.000000 0.000000 -0.000000 -0.000000 -0.000000 -0.000000 0.000000 0.000000 0.000000 0.000000 0.000000 0.000000 0.000000 0.000000 0.000000 0.000000 -0.000000 -0.000000 -0.000000 -0.000000 -0.000000 -0.000000 -0.000000 -0.000000 0.000000 -0.000000 0.000000 0.000000 -0.000000 0.000000 -0.000000 0.000000 -0.000000 -0.000000 0.000000 -0.000000 -0.000000 0.000000 -0.000000 -0.000000 -0.000000 0.000000 0.000000 0.000000 0.000000 0.000000 0.000000 0.000000 -0.000000 -0.000000 0.000000 0.000000 0.000000 0.000000 -0.000000 -0.000000 -0.000000 -0.000000 0.000000 0.000000 0.000000 0.000000 0.000000 0.000000 -0.000000 -0.000000 0.000000 -0.000000 0.000000 0.000000 -0.000000 0.000000 -0.000000 0.000000 0.000000 0.000000 0.000000 0.000000 -0.000000 -0.000000 0.000000 -0.000000 0.000000 0.000000 0.000000 -0.000000 -0.000000 0.000000 0.000000 0.000000 -0.000000 -0.000000 0.000000 0.000000 0.000000 0.000000 0.000000 0.000000 
0.019892 -0.035786 -0.000003 141
-0.258548 0.101230 -0.241704 0.016148 0.170291 0.090000 0.026540 0.150644 0.131353 0.795532 -0.105154 -0.553224 -0.153901 0.311312 -0.200112 -0.065376 -0.141517 0.725859 0.043021 -0.191251 -0.185067 -0.329482 -0.212522 0.044297 -0.173357 -0.175621 -0.236772 -0.043806 0.158842 -0.095657 0.277251 -0.092143 -0.128126 -0.204878 0.744223 0.121130 -0.029668 -0.436426 -0.078492 -0.461122 -0.008241 0.178502 0.091526 0.064574 0.395240 -0.279905 -0.169383 -0.359388 0.008920 -0.456615 -0.320247 0.049025 0.079071 -0.197247 -0.553690 0.017640 -0.973735 -0.490588 -0.093753 -0.322253 -0.216631 -0.292565 -0.053058 -0.066238 0.153438 -0.213789 -0.154644 0.068380 0.145622 0.011841 -0.101315 -0.135686 0.130580 -0.183178 -0.142076 0.138664 0.027242 0.195951 0.009658 -0.037292 0.121824 0.202724 -0.003157 0.169891 0.068474 -0.091343 -0.012031 0.168463 -0.043963 -0.124813 -0.111445 -0.128838 0.045947 0.087316 -0.134269 0.127041 -0.002995 0.175668 0.040107 -0.123122 0.068614 0.182297 0.177784 -0.017960 -0.050645 -0.079998 0.116225 0.175542 -0.166941 0.014508 -0.040588 0.105466 0.100676 0.036920 -0.049974 0.205069 -0.001419 -0.104554 0.094050 0.054834 0.076585 0.066488 0.061620 0.118457 -0.171675 0.032773 -0.123425 0.186722 -0.117674 -0.146087 0.152157 -0.135819 0.148815 -0.112084 0.143463 -0.194666 0.030330 0.030611 0.080077 0.139149 0.011208 
-0.000000 -0.000000 -0.000000 -0.000000 -0.000000 -0.000000 -0.000000 -0.000000 -0.000000 -0.000000 -0.000000 -0.000000 -0.000000 -0.000000 -0.000000 -0.000000 -0.000000 -0.000000 -0.000000 -0.000000 -0.000000 -0.000000 -0.000000 -0.000000 -0.000000 -0.000000 -0.000000 -0.000000 0.000000 -0.000000 -0.000000 -0.000000 -0.000001 0.000000 -0.000000 0.000000 -0.000000 -0.000000 0.000000 -0.000000 -0.000000 -0.000000 -0.000000 -0.000000 -0.000000 0.000000 0.000000 0.000000 -0.000000 -0.000000 -0.000001 -0.000000 -0.000000 -0.000000 -0.000001 -0.000000 -0.000000 -0.000000 -0.000000 0.000000 0.000000 0.000000 0.000000 0.000000 0.000000 0.000000 0.000000 0.000000 0.000000 0.000000 0.000000 0.000000 0.000000 0.000000 0.000000 0.000000 0.000000 0.000000 0.000000 0.000000 -0.000000 0.000000 0.000000 0.000000 -0.000000 -0.000000 -0.000000 -0.000000 -0.000000 -0.000000 -0.000000 0.000000 0.000000 -0.000000 -0.000000 -0.000000 -0.000000 0.000000 0.000000 0.000000 0.000000 -0.000000 -0.000000 -0.000000 -0.000000 -0.000000 -0.000000 0.000000 0.000000 -0.000000 0.000000 -0.000000 -0.000000 -0.000000 -0.000000 -0.000000 -0.000000 -0.000000 -0.000000 -0.000000 0.000000 0.000000 0.000000 0.000000 0.000000 0.000000 0.000000 -0.000000 0.000000 0.000000 -0.000000 0.000000 -0.000000 0.000000 0.000000 0.000000 0.000000 -0.000000 -0.000000 -0.000000 0.000000 
0.065068 -0.035786 -0.000009 141
-0.409897 -0.561804 -0.116501 -0.216958 0.226218 0.252945 0.092711 0.066711 0.103778 1.096327 -0.102596 -0.914136 -0.176065 0.485503 -0.443235 -0.151633 -0.254026 -0.081576 0.164760 0.406382 -0.184998 0.119811 -0.204479 0.067816 -0.158476 -0.222180 -0.281198 -0.015086 0.154805 -0.148999 -0.216631 0.481183 0.126290 0.106208 -0.079369 0.110999 0.095206 -0.116653 -0.196676 -0.557167 -0.151806 0.113734 -0.026249 0.108416 0.369226 -0.450655 -0.302563 -0.268004 0.014767 -0.462915 -0.248053 -0.348533 -0.096017 0.126471 -0.512692 0.560364 -1.352899 -0.267735 -0.478093 -0.371957 -0.270270 -0.403243 -0.058753 -0.013123 0.291608 -0.260470 -0.160466 0.068380 0.270343 0.011902 -0.101315 -0.125958 0.130592 -0.123625 -0.142076 0.143737 0.035790 0.213341 -0.043123 0.160860 0.079769 0.205061 -0.014677 0.174352 0.049705 -0.083204 -0.014845 0.169615 -0.058545 -0.122721 -0.109513 -0.128091 0.035267 0.092326 -0.140965 0.128053 0.001920 0.169619 0.038657 -0.121167 0.067212 0.180099 0.181218 -0.020473 -0.049060 -0.089259 0.115108 0.174818 -0.167617 0.018587 -0.038385 0.104071 0.103716 0.041265 -0.051948 0.211822 -0.003248 -0.103287 0.093655 0.051791 0.076515 0.066618 0.061980 0.118508 -0.171707 0.032787 -0.123423 0.186293 -0.117808 -0.146167 0.151306 -0.135762 0.147753 -0.111956 0.143430 -0.194674 0.030323 0.030602 0.079163 0.136381 0.011292 
-0.000000 -0.000000 -0.000001 -0.000000 -0.000001 -0.000000 -0.000000 -0.000000 -0.000000 -0.000000 -0.000000 -0.000000 -0.000001 -0.000001 -0.000000 -0.000000 -0.000000 -0.000000 -0.000000 -0.000000 -0.000000 -0.000000 -0.000000 -0.000000 -0.000000 -0.000000 -0.000000 -0.000000 0.000000 -0.000000 -0.000000 -0.000000 -0.000004 0.000000 -0.000000 0.000000 -0.000000 -0.000000 0.000000 -0.000000 -0.000000 -0.000000 -0.000000 -0.000000 -0.000001 0.000000 0.000000 0.000000 -0.000000 -0.000001 -0.000003 -0.000001 -0.000001 -0.000001 -0.000004 -0.000001 -0.000000 -0.000001 -0.000001 0.000000 0.000000 0.000000 0.000000 0.000000 0.000000 0.000000 0.000000 0.000000 0.000000 0.000000 0.000000 0.000000 0.000000 0.000000 0.000000 0.000000 0.000000 0.000000 0.000000 0.000000 -0.000000 0.000000 0.000000 0.000000 -0.000000 -0.000000 -0.000000 -0.000000 -0.000000 -0.000000 -0.000000 0.000000 0.000000 -0.000000 -0.000000 -0.000000 -0.000000 0.000000 0.000000 0.000000 0.000000 -0.000000 -0.000000 -0.000000 -0.000000 -0.000000 -0.000000 0.000000 0.000000 -0.000000 0.000000 -0.000000 -0.000000 -0.000000 -0.000000 -0.000000 -0.000000 -0.000000 -0.000000 -0.000000 0.000000 0.000000 0.000000 0.000000 0.000000 0.000000 0.000000 -0.000000 0.000000 0.000000 -0.000000 0.000000 -0.000000 0.000000 0.000000 0.000000 0.000000 -0.000000 -0.000000 -0.000000 0.000000 
1
0.990031 -0.185192 0.000098 20
0.476472 -1.067098 -2.602674 1.164535 -2.892112 -0.758207 -1.405501 0.634640 2.888597 1.968679 -2.700388 -1.449590 2.647513 3.296231 -1.902961 1.135141 -2.102823 1.988494 -1.581202 -1.456898 
0.000001 0.000000 0.000000 0.000001 0.000005 0.000000 0.000001 0.000000 0.000007 0.000003 0.000002 0.000000 0.000009 0.000000 0.000000 0.000001 0.000001 0.000010 0.000000 0.000001 
